 Station Date          hour   Temp  RH     Dir    CWD  Wspd  SpdMax Rn_1   Rn24   Tmax  Tmin  RHmax RHmin 
 ------- ------------- ------ ----- ------ ------ ---- ----- ------ ------ ------ ----- ----- ----- ----- 
 THPSN   Oct 01, 2026       8   4.4     83    312 nw     5.5   8.0    0.00 NULL   NULL  NULL  NULL  NULL  
 WUSKW   Oct 01, 2026       8   5.6     78    307 nw     7.6  11.8    0.00 NULL   NULL  NULL  NULL  NULL  
 PISEW   Oct 01, 2026       8   5.7     93    315 nw     4.3  12.0    0.00   2.30   5.7   4.9  96.0  93.0 
 MISSI   Oct 01, 2026       8   3.8     84    318 nw    16.6  23.8    0.00 NULL   NULL  NULL  NULL  NULL  
 EWART   Oct 01, 2026       8   6.9     95    294 wnw   15.4  21.8    0.51 NULL     6.9   6.3  96.0  95.0 
 KIPPN   Oct 01, 2026       8   4.3     76    269 w     14.7  40.2    0.00 NULL   NULL  NULL  NULL  NULL  
 KEEYA   Oct 01, 2026       8   4.6     79    320 nw    15.6  20.1    0.00 NULL   NULL  NULL  NULL  NULL  
 JENPE   Oct 01, 2026       8   5.9     93    346 nnw    7.2  13.8    0.00 NULL   NULL  NULL  NULL  NULL  
 HERMN   Oct 01, 2026       8   5.1     91    326 nw    12.3  22.3    0.00 NULL     5.2   4.4  98.0  91.0 
 HARGR   Oct 01, 2026       8   5.4     99    302 wnw    5.2  12.7    0.25 NULL     5.4   5.0  99.0  99.0 
 GYPSV   Oct 01, 2026       8   7.3     66    303 wnw   17.7  31.8    0.00 NULL     7.3   7.2  69.0  66.0 
 GRNLK   Oct 01, 2026       8   6.8     81    248 wsw   12.8  20.8    0.00 NULL     6.8   5.5  87.0  80.0 
 GARLA   Oct 01, 2026       8   5.4     62    312 nw    11.8  35.4    0.00 NULL     5.4   4.9  66.0  62.0 
 FLNDL   Oct 01, 2026       8   7.3     82    289 wnw    4.8  17.1    0.00 NULL     7.3   6.8  84.0  80.0 
 FLCNL   Oct 01, 2026       8   6.9     76    282 wnw    8.3  20.4    0.00 NULL     6.9   3.4  88.0  74.0 
 CRETN   Oct 01, 2026       8   4.5     93    269 w      8.0  19.3    0.00 NULL     4.5   4.4  94.0  92.0 
 CRANP   Oct 01, 2026       8   4.3     90    315 nw    10.0  22.0    0.25 NULL     4.3   4.2  93.0  89.0 
 CACHE   Oct 01, 2026       8   2.2     79    250 wsw    8.2  31.5    0.00 NULL     2.2   1.7  81.0  79.0 
 BURNT   Oct 01, 2026       8   5.1     95    313 nw     9.5  20.5    0.00 NULL     5.1   4.9  97.0  94.0 
 BSSTT   Oct 01, 2026       8   7.7     74    271 w      4.4  18.9    0.00 NULL     7.7   7.2  78.0  73.0 
 ATIKL   Oct 01, 2026       8   4.5     95    294 wnw    6.3  21.7    0.00 NULL     4.5   4.4  95.0  94.0 
 ZHODA   Oct 01, 2026       9   8.6     67    292 wnw   19.6  35.6    0.00   0.00 NULL  NULL  NULL  NULL  
 BIRCH   Oct 01, 2026       9   7.0     64    297 wnw   28.4  48.0    0.00   0.00 NULL  NULL  NULL  NULL  
 BEAUS   Oct 01, 2026       9   8.4     69    285 wnw   26.0  38.2    0.00   0.00 NULL  NULL  NULL  NULL  
 FISHR   Oct 01, 2026       9   7.7     68    290 wnw   21.5  36.1    0.00   0.00 NULL  NULL  NULL  NULL  
 GARYM   Oct 01, 2026       9   5.7     67    297 wnw   10.9  33.1    0.00 NULL     5.7   4.7  72.0  67.0 
 GUNNL   Oct 01, 2026       9   5.8     59    297 wnw   14.2  28.2    0.00 NULL   NULL  NULL  NULL  NULL  
 HADAS   Oct 01, 2026       9   9.3     64    294 wnw    8.0  31.0    0.00 NULL     9.3   6.8  72.0  63.0 
 HARTM   Oct 01, 2026       9   1.1     86    302 wnw   13.8  42.8    0.00 NULL     1.1   1.0  87.0  85.0 
 HOOK    Oct 01, 2026       9   8.4     76    276 w     11.0  31.4    0.00 NULL     8.4   7.9  80.0  76.0 
 KETTL   Oct 01, 2026       9   7.4     61    285 wnw    7.8  27.6    0.00 NULL     7.5   5.0  71.0  61.0 
 ETHEL   Oct 01, 2026       9   6.2     64    310 nw    18.7  39.6    0.00   0.00 NULL  NULL  NULL  NULL  
 ELMA    Oct 01, 2026       9   9.2     69    281 w     17.5  31.0    0.00   0.00 NULL  NULL  NULL  NULL  
 ECZKD   Oct 01, 2026       9   4.4     89    324 nw    14.0  21.0    0.00  10.60   4.5   3.7  92.0  89.0 
 ECZHB   Oct 01, 2026       9   5.5     72    288 wnw   23.0  34.0    0.00   0.00   5.5   3.7  79.0  72.0 
 ECYYL   Oct 01, 2026       9   4.6     83    315 nw    15.0 NULL     0.00   6.10   4.6   4.4 NULL  NULL  
 ECYNE   Oct 01, 2026       9   6.5     93    341 nnw    8.0 NULL     0.00   0.90   6.5   5.8 NULL  NULL  
 ECYIV   Oct 01, 2026       9   6.3     91    360 n     18.0  35.0  NULL   NULL     6.5   6.1 NULL  NULL  
 ECXWG   Oct 01, 2026       9   9.1     62    276 w     27.0  36.0    0.00   0.00   9.4   7.4  70.0  62.0 
 ECXMD   Oct 01, 2026       9   9.7     55    297 wnw   25.0  45.0    0.00   0.00   9.7   8.2  64.0  55.0 
 ECXDW   Oct 01, 2026       9   8.8     57    289 wnw   36.0  57.0    0.00   0.00   8.9   7.4  67.0  56.0 
 ECXBQ   Oct 01, 2026       9   3.8     79    283 wnw   18.0  32.0    0.00   0.20   3.8   3.3  89.0  78.0 
 ECWZT   Oct 01, 2026       9   7.5     60    282 wnw   23.0  43.0    0.00   0.00   7.5   6.2  66.0  59.0 
 ECWZE   Oct 01, 2026       9   7.8     65    275 w     25.0  35.0    0.00   0.00   7.8   5.4  76.0  65.0 
 ECWXB   Oct 01, 2026       9   5.4     75    281 w     22.0  36.0    0.00   0.00   5.4   3.4  81.0  74.0 
 ECWWS   Oct 01, 2026       9   9.4     94    307 nw    45.0  56.0    2.20   9.40   9.9   9.2  96.0  92.0 
 ECWWP   Oct 01, 2026       9   6.2     62    304 nw    17.0  35.0    0.00   0.20   6.2   5.0  70.0  61.0 
 ECWWC   Oct 01, 2026       9   2.4     92    318 nw    16.0  26.0    0.00   4.80   2.4   1.8  96.0  92.0 
 ECWSZ   Oct 01, 2026       9   8.1     65    291 wnw   18.0  34.0    0.00   0.00   8.1   7.9  68.0  65.0 
 ECWSU   Oct 01, 2026       9   9.4     61    291 wnw   23.0  40.0    0.00   0.00   9.4   7.9  67.0  60.0 
 ECWPO   Oct 01, 2026       9   8.0     62    297 wnw   30.0  45.0    0.00   0.00   8.0   6.8  70.0  62.0 
 ECWOO   Oct 01, 2026       9   8.3     55    307 nw    25.0  43.0    0.00   0.00   8.3   6.8  60.0  54.0 
 ECWOJ   Oct 01, 2026       9   8.6     70    309 nw    40.0  54.0    0.00   0.00   8.9   8.5  76.0  68.0 
 ECWNK   Oct 01, 2026       9   9.0     61    281 w     31.0  48.0    0.00   0.00   9.0   8.0  65.0  60.0 
 ECWJH   Oct 01, 2026       9   3.6     90    299 wnw    7.0  18.0    0.20   6.40   3.6   3.0  93.0  90.0 
 ECWJD   Oct 01, 2026       9   7.0     83    296 wnw   12.0  35.0    0.00   1.00   7.0   6.3  86.0  83.0 
 ECWGX   Oct 01, 2026       9   5.9     82    318 nw    31.0  39.0    0.00  15.40   6.0   5.5  86.0  80.0 
 ECWGN   Oct 01, 2026       9  10.2     58    298 wnw   31.0  42.0    0.00   0.00  10.3   8.8  62.0  58.0 
 ECWFO   Oct 01, 2026       9   4.4     91    322 nw    19.0  29.0    0.40   2.00   4.5   4.3  94.0  90.0 
 ECWEQ   Oct 01, 2026       9   6.1     63    289 wnw   33.0  49.0    0.00   0.00   6.5   5.4  66.0  62.0 
 ECWEI   Oct 01, 2026       9   8.2     66    286 wnw   10.0  22.0    0.00   0.00   8.2   4.2  78.0  65.0 
 ECWEA   Oct 01, 2026       9   8.3     69    279 w     17.0  32.0    0.00   0.00   8.4   8.1  72.0  69.0 
 ECWCF   Oct 01, 2026       9   7.6     96    356 n     12.0  61.0    2.20   3.00   9.1   7.6  96.0  87.0 
 ECPYQ   Oct 01, 2026       9   4.6     82    329 nnw   34.0  51.0    0.00   2.00   4.7   4.1  91.0  82.0 
 ECPTO   Oct 01, 2026       9   4.1     91    315 nw    17.0  27.0    0.00   6.60   4.2   3.5  94.0  89.0 
 ECPRJ   Oct 01, 2026       9   5.7     76    295 wnw   20.0  31.0    0.00   0.00   5.7   3.2  89.0  76.0 
 ECPQD   Oct 01, 2026       9   5.3     91    300 wnw   25.0  40.0    0.20   1.00   5.3   5.0  93.0  88.0 
 ECPOY   Oct 01, 2026       9   7.6     67    283 wnw   28.0  39.0    0.00   0.00   7.6   6.2  75.0  66.0 
 ECPOW   Oct 01, 2026       9   5.6     95    290 wnw    7.0  14.0    0.20   3.80   5.6   5.3  98.0  95.0 
 ECPLE   Oct 01, 2026       9   4.6     86    328 nnw   12.0  20.0    0.00   5.60   4.6   4.4  86.0  85.0 
 ECPIV   Oct 01, 2026       9   6.5     90    349 n     18.0  30.0    0.00   1.30   6.5   6.1  93.0  88.0 
 ECPGH   Oct 01, 2026       9   8.2     67    278 w     22.0  35.0    0.00   0.00   8.2   7.8  70.0  67.0 
 ECPGF   Oct 01, 2026       9   8.6     70    281 w     11.0  28.0    0.00   0.00   8.8   8.5  73.0  70.0 
 ECPBO   Oct 01, 2026       9   7.2     68    279 w     24.0  35.0    0.00   0.00   7.2   5.3  75.0  67.0 
 DEVIL   Oct 01, 2026       9   6.6     85    281 w     13.6  31.2    0.00 NULL     6.6   6.2  89.0  84.0 
 DEEPL   Oct 01, 2026       9   5.6     71    293 wnw    7.6  25.3    0.00 NULL   NULL  NULL  NULL  NULL  
 MINIT   Oct 01, 2026       9   6.0     65    280 w     28.0  42.9    0.00   0.00 NULL  NULL  NULL  NULL  
 MENIS   Oct 01, 2026       9   8.3     67    292 wnw   28.8  51.7    0.00   0.00 NULL  NULL  NULL  NULL  
 MARCH   Oct 01, 2026       9   8.5     64    289 wnw   23.0  39.8    0.00   0.00 NULL  NULL  NULL  NULL  
 LONGP   Oct 01, 2026       9   5.6     94    282 wnw   12.9  26.4    0.00 NULL     5.6   5.3  94.0  94.0 
 LKSTG   Oct 01, 2026       9   8.3     72    292 wnw    7.2  20.8    0.00 NULL     8.3   7.6  78.0  71.0 
 LGRPD   Oct 01, 2026       9   7.8     96    254 wsw   13.1  31.8    0.25 NULL     7.9   7.5  96.0  95.0 
 LEAFR   Oct 01, 2026       9   5.2     83    284 wnw    7.9  15.6    0.00 NULL     5.2   4.2  87.0  83.0 
 LDB     Oct 01, 2026       9   8.1     75    278 w     21.6  35.5    0.00   0.00 NULL  NULL  NULL  NULL  
 LAURI   Oct 01, 2026       9   4.6     90    279 w     10.3 NULL     0.20 NULL   NULL  NULL  NULL  NULL  
 KNOBH   Oct 01, 2026       9   8.3     64    298 wnw   15.7  33.9    0.00 NULL     8.6   7.7  68.0  64.0 
 OXFHS   Oct 01, 2026       9   5.5     90    324 nw    10.1  22.0    0.00 NULL     5.5   4.7  95.0  89.0 
 NOTIH   Oct 01, 2026       9   4.8     80    302 wnw    9.2  12.7    0.00 NULL   NULL  NULL  NULL  NULL  
 NOTIG   Oct 01, 2026       9   4.4     97    338 nnw    3.8  13.3    0.00 NULL     4.4   3.9 100.0  97.0 
 MOUNT   Oct 01, 2026       9   7.0     68    264 w     24.7  35.0    0.00   0.00 NULL  NULL  NULL  NULL  
 MOOSE   Oct 01, 2026       9   7.4     66    312 nw    22.3  38.1    0.00   0.00 NULL  NULL  NULL  NULL  
 WOODR   Oct 01, 2026       9   9.3     59    288 wnw   18.0  40.0    0.00 NULL     9.3   7.7  67.0  59.0 
 WILL    Oct 01, 2026       9   5.5     94    346 nnw    9.0  23.0    0.76 NULL     5.9   5.5  95.0  94.0 
 WESTR   Oct 01, 2026       9   4.2     83    287 wnw   16.0  38.0    0.00 NULL     4.3   4.2  84.0  79.0 
 SWANV   Oct 01, 2026       9   6.1     67    286 wnw   18.5  33.0    0.00   0.00 NULL  NULL  NULL  NULL  
 STEAD   Oct 01, 2026       9   8.7     70    315 nw    25.7  40.3    0.00   0.00 NULL  NULL  NULL  NULL  
 SPRLK   Oct 01, 2026       9   7.6     69    297 wnw   20.0  36.0    0.00   0.00 NULL  NULL  NULL  NULL  
 SPIDE   Oct 01, 2026       9   0.3     91    308 nw    10.9  41.8    0.00 NULL     0.3  -0.1  92.0  90.0 
 SHILO   Oct 01, 2026       9   6.7     71    267 w     20.4  33.1    0.00   0.00 NULL  NULL  NULL  NULL  
 SHERR   Oct 01, 2026       9   5.1     94    302 wnw    7.3  17.5    0.25 NULL     5.3   5.1  95.0  92.0 
 SASSR   Oct 01, 2026       9   6.7     94    256 wsw   17.0  31.4    0.00 NULL     6.7   6.5  94.0  92.0 
 SARAH   Oct 01, 2026       9   3.9     99    293 wnw    9.7  24.6    0.00 NULL     3.9   2.3 100.0  99.0 
 ROUND   Oct 01, 2026       9   8.0     94    261 w     27.3  40.1    0.76 NULL     8.0   7.4  95.0  94.0 
 ROSBG   Oct 01, 2026       9   8.3     66    293 wnw   10.0  27.0    0.00 NULL     8.3   8.0  69.0  65.0 
 RIVTN   Oct 01, 2026       9   8.4     68    293 wnw   23.7  36.0    0.00   0.00 NULL  NULL  NULL  NULL  
 REEFL   Oct 01, 2026       9   8.4     91    339 nnw   10.6  21.6    0.00 NULL     8.4   7.4  97.0  91.0 
 REED    Oct 01, 2026       9   5.0     97    313 nw     5.7  19.7    0.76 NULL     5.0   4.9  97.0  96.0 
 PUKAT   Oct 01, 2026       9   4.5     94    317 nw    11.6  30.2    1.27 NULL     4.6   4.3  96.0  94.0 
 PROSP   Oct 01, 2026       9   4.5     93    284 wnw   12.3  27.7    0.00 NULL     4.5   4.2  95.0  93.0 

(109 rows affected)
